a 1 2 803
a 2 3 803
a 3 4 158
a 4 3 158
a 5 6 774
a 6 5 774
a 7 8 1531
a 8 7 1531
a 9 10 1673
a 10 9 1673
a 9 11 1400
a 11 9 1400
a 1 12 842
a 12 1 842
a 2 13 591
a 13 2 591
a 14 15 1371
a 15 14 1371
a 16 17 1659
a 17 16 1659
a 18 19 1012
a 19 18 1012
a 20 21 1226
a 21 20 1226
a 20 22 1265
a 22 20 1265
a 23 24 2707
a 24 23 2707
a 25 26 520
a 26 25 520
a 27 28 783
a 28 27 783
a 29 30 518
a 30 29 518
a 31 32 3412
a 32 31 3412
a 33 34 1994
a 34 33 1994
a 33 35 337
a 35 33 337
a 36 37 363
a 37 36 363
a 38 39 1018
a 39 38 1018
a 40 41 392
a 41 40 392
a 29 42 1074
a 42 29 1074
a 43 44 570
a 44 43 570
a 44 45 1764
a 45 44 1764
a 46 47 1104
a 47 46 1104
a 2 48 617
a 48 2 617
a 49 50 1515
a 50 49 1515
a 49 51 1186
a 51 49 1186
a 52 53 2068
a 53 52 2068
a 54 55 520
a 55 54 520
a 56 57 734
a 57 56 734
a 58 59 705
a 59 58 705
a 60 61 1253
a 61 60 1253
a 62 63 2418
a 63 62 2418
a 64 65 1031
a 65 64 1031
a 66 58 611
a 58 66 611
a 67 68 3233
a 68 67 3233
a 68 60 317
a 60 68 317
a 60 69 1708
a 69 60 1708
a 70 71 353
a 71 70 353
a 69 70 454
a 70 69 454
a 72 73 5162
a 73 72 5162
a 74 75 798
a 75 74 798
a 74 76 1407
a 76 74 1407
a 77 78 488
a 78 77 488
a 77 79 931
a 79 77 931
a 78 80 4705
a 80 78 4705
a 78 81 1284
a 81 78 1284
a 82 83 369
a 83 82 369
a 82 84 1744
a 84 82 1744
a 85 86 7921
a 86 85 7921
a 86 87 10233
a 87 86 10233
a 88 89 328
a 89 88 328
a 90 91 456
a 91 90 456
a 91 88 909
a 88 91 909
a 92 93 264
a 93 92 264
a 91 92 484
a 92 91 484
a 94 95 143
a 95 94 143
a 96 97 2345
a 97 96 2345
a 98 99 3101
a 99 98 3101
a 100 101 3177
a 101 100 3177
a 102 103 6117
a 103 102 6117
a 104 105 1065
a 105 104 1065
a 106 107 5791
a 107 106 5791
a 108 109 2285
a 109 108 2285
a 110 109 4799
a 109 110 4799
a 109 106 3701
a 106 109 3701
a 111 106 921
a 106 111 921
a 112 110 3002
a 110 112 3002
a 113 114 111
a 114 113 111
a 115 113 1436
a 113 115 1436
a 116 117 4240
a 117 116 4240
a 118 119 1052
a 119 118 1052
a 118 116 2551
a 116 118 2551
a 120 118 3631
a 118 120 3631
a 121 122 1782
a 122 121 1782
a 123 120 1547
a 120 123 1547
a 123 124 2138
a 124 123 2138
a 125 123 3594
a 123 125 3594
a 126 127 1031
a 127 126 1031
a 126 128 2085
a 128 126 2085
a 125 126 2166
a 126 125 2166
a 129 125 524
a 125 129 524
a 130 129 6959
a 129 130 6959
a 130 131 5495
a 131 130 5495
a 131 132 1261
a 132 131 1261
a 133 134 2886
a 134 133 2886
a 131 134 4246
a 134 131 4246
a 135 136 535
a 136 135 535
a 134 135 1005
a 135 134 1005
a 135 137 1686
a 137 135 1686
a 138 139 3557
a 139 138 3557
a 138 140 2675
a 140 138 2675
a 139 141 603
a 141 139 603
a 139 142 2691
a 142 139 2691
a 143 144 1897
a 144 143 1897
a 143 145 473
a 145 143 473
a 140 146 7734
a 146 140 7734
a 140 143 788
a 143 140 788
a 147 148 2271
a 148 147 2271
a 147 149 3591
a 149 147 3591
a 146 150 782
a 150 146 782
a 146 151 765
a 151 146 765
a 152 153 2242
a 153 152 2242
a 154 147 1802
a 147 154 1802
a 154 155 950
a 155 154 950
a 156 157 1924
a 157 156 1924
a 156 158 1370
a 158 156 1370
a 159 156 1954
a 156 159 1954
a 159 160 1483
a 160 159 1483
a 161 162 5016
a 162 161 5016
a 152 161 2781
a 161 152 2781
a 161 163 2887
a 163 161 2887
a 164 165 1736
a 165 164 1736
a 166 167 3931
a 167 166 3931
a 168 169 1345
a 169 168 1345
a 170 166 2605
a 166 170 2605
a 171 166 924
a 166 171 924
a 171 172 3415
a 172 171 3415
a 173 174 1963
a 174 173 1963
a 112 175 6223
a 175 112 6223
a 167 112 4812
a 112 167 4812
a 175 167 2754
a 167 175 2754
a 176 175 4795
a 175 176 4795
a 172 177 3744
a 177 172 3744
a 178 171 8097
a 171 178 8097
a 179 180 918
a 180 179 918
a 181 173 1829
a 173 181 1829
a 182 181 562
a 181 182 562
a 182 183 2122
a 183 182 2122
a 184 182 4961
a 182 184 4961
a 183 185 889
a 185 183 889
a 173 179 4282
a 179 173 4282
a 179 186 3851
a 186 179 3851
a 176 187 5559
a 187 176 5559
a 188 189 901
a 189 188 901
a 188 190 782
a 190 188 782
a 191 192 3933
a 192 191 3933
a 191 176 1206
a 176 191 1206
a 193 191 2695
a 191 193 2695
a 194 193 511
a 193 194 511
a 195 194 696
a 194 195 696
a 196 197 3278
a 197 196 3278
a 198 195 1652
a 195 198 1652
a 195 199 5635
a 199 195 5635
a 193 200 3006
a 200 193 3006
a 200 201 393
a 201 200 393
a 181 202 8544
a 202 181 8544
a 203 204 7712
a 204 203 7712
a 202 196 8832
a 196 202 8832
a 205 196 1746
a 196 205 1746
a 205 206 2249
a 206 205 2249
a 207 203 7131
a 203 207 7131
a 203 208 997
a 208 203 997
a 209 205 2233
a 205 209 2233
a 208 209 1032
a 209 208 1032
a 210 209 1668
a 209 210 1668
a 211 210 2191
a 210 211 2191
a 212 211 303
a 211 212 303
a 213 212 2312
a 212 213 2312
a 214 213 1278
a 213 214 1278
a 215 184 1161
a 184 215 1161
a 216 215 1978
a 215 216 1978
a 217 216 1084
a 216 217 1084
a 218 219 1109
a 219 218 1109
a 217 220 3594
a 220 217 3594
a 96 217 2556
a 217 96 2556
a 98 96 1234
a 96 98 1234
a 221 98 3445
a 98 221 3445
a 222 223 796
a 223 222 796
a 215 218 3087
a 218 215 3087
a 218 224 2956
a 224 218 2956
a 225 226 14242
a 226 225 14242
a 223 225 1219
a 225 223 1219
a 225 227 762
a 227 225 762
a 227 228 503
a 228 227 503
a 228 229 4111
a 229 228 4111
a 34 230 246
a 230 34 246
a 221 231 3229
a 231 221 3229
a 232 221 1234
a 221 232 1234
a 233 232 3385
a 232 233 3385
a 234 100 503
a 100 234 503
a 233 100 275
a 100 233 275
a 234 233 275
a 233 234 275
a 235 234 333
a 234 235 333
a 236 235 2480
a 235 236 2480
a 232 222 3418
a 222 232 3418
a 237 222 7762
a 222 237 7762
a 235 238 2089
a 238 235 2089
a 239 236 713
a 236 239 713
a 240 239 3876
a 239 240 3876
a 239 241 1340
a 241 239 1340
a 242 243 1740
a 243 242 1740
a 242 244 1576
a 244 242 1576
a 245 240 667
a 240 245 667
a 245 242 1670
a 242 245 1670
a 246 245 1257
a 245 246 1257
a 236 237 4944
a 237 236 4944
a 240 247 2109
a 247 240 2109
a 246 248 2878
a 248 246 2878
a 35 249 1346
a 249 35 1346
a 101 250 258
a 250 101 258
a 251 14 2103
a 14 251 2103
a 252 251 5949
a 251 252 5949
a 253 204 1689
a 204 253 1689
a 253 254 2983
a 254 253 2983
a 14 237 3971
a 237 14 3971
a 255 229 13019
a 229 255 13019
a 229 256 1300
a 256 229 1300
a 257 258 552
a 258 257 552
a 256 257 3982
a 257 256 3982
a 257 259 786
a 259 257 786
a 256 260 3089
a 260 256 3089
a 101 261 2780
a 261 101 2780
a 260 262 4133
a 262 260 4133
a 263 253 3880
a 253 263 3880
a 207 263 819
a 263 207 819
a 264 207 1417
a 207 264 1417
a 263 265 5666
a 265 263 5666
a 214 264 2178
a 264 214 2178
a 266 214 1004
a 214 266 1004
a 267 266 893
a 266 267 893
a 268 267 2747
a 267 268 2747
a 269 267 12787
a 267 269 12787
a 260 270 1277
a 270 260 1277
a 271 272 2059
a 272 271 2059
a 251 273 1178
a 273 251 1178
a 273 274 353
a 274 273 353
a 274 275 1719
a 275 274 1719
a 274 255 950
a 255 274 950
a 276 255 2023
a 255 276 2023
a 276 277 1426
a 277 276 1426
a 271 278 761
a 278 271 761
a 279 271 670
a 271 279 670
a 280 279 1763
a 279 280 1763
a 270 281 426
a 281 270 426
a 282 269 556
a 269 282 556
a 283 282 2994
a 282 283 2994
a 280 282 9490
a 282 280 9490
a 284 283 902
a 283 284 902
a 280 285 3489
a 285 280 3489
a 286 280 4334
a 280 286 4334
a 287 288 1911
a 288 287 1911
a 289 188 13645
a 188 289 13645
a 290 130 9167
a 130 290 9167
a 291 290 7098
a 290 291 7098
a 289 292 452
a 292 289 452
a 293 289 748
a 289 293 748
a 292 294 3653
a 294 292 3653
a 293 292 597
a 292 293 597
a 295 294 6447
a 294 295 6447
a 294 296 5634
a 296 294 5634
a 294 297 2773
a 297 294 2773
a 196 295 4090
a 295 196 4090
a 298 299 561
a 299 298 561
a 210 298 3937
a 298 210 3937
a 298 300 2504
a 300 298 2504
a 296 299 1615
a 299 296 1615
a 296 301 2022
a 301 296 2022
a 211 302 2387
a 302 211 2387
a 213 303 3107
a 303 213 3107
a 304 152 6710
a 152 304 6710
a 305 304 3787
a 304 305 3787
a 306 293 3066
a 293 306 3066
a 291 306 251
a 306 291 251
a 307 291 1137
a 291 307 1137
a 308 307 562
a 307 308 562
a 307 309 3269
a 309 307 3269
a 310 308 580
a 308 310 580
a 311 312 1772
a 312 311 1772
a 310 311 353
a 311 310 353
a 313 310 2639
a 310 313 2639
a 314 315 1544
a 315 314 1544
a 316 305 782
a 305 316 782
a 314 316 344
a 316 314 344
a 317 316 804
a 316 317 804
a 318 313 373
a 313 318 373
a 313 319 353
a 319 313 353
a 318 319 475
a 319 318 475
a 320 318 649
a 318 320 649
a 321 314 344
a 314 321 344
a 319 321 2733
a 321 319 2733
a 322 323 672
a 323 322 672
a 304 324 2573
a 324 304 2573
a 324 325 3995
a 325 324 3995
a 163 326 562
a 326 163 562
a 327 328 1743
a 328 327 1743
a 324 327 2072
a 327 324 2072
a 327 329 883
a 329 327 883
a 330 322 2450
a 322 330 2450
a 305 330 1591
a 330 305 1591
a 321 317 706
a 317 321 706
a 331 317 1637
a 317 331 1637
a 332 331 1860
a 331 332 1860
a 333 334 1250
a 334 333 1250
a 330 333 1428
a 333 330 1428
a 335 336 1386
a 336 335 1386
a 331 335 1771
a 335 331 1771
a 320 337 4284
a 337 320 4284
a 337 338 251
a 338 337 251
a 338 339 679
a 339 338 679
a 335 340 3077
a 340 335 3077
a 341 342 4058
a 342 341 4058
a 297 343 2512
a 343 297 2512
a 343 320 2933
a 320 343 2933
a 344 341 1796
a 341 344 1796
a 342 320 1559
a 320 342 1559
a 345 342 594
a 342 345 594
a 346 345 469
a 345 346 469
a 347 345 482
a 345 347 482
a 346 344 4070
a 344 346 4070
a 348 346 5488
a 346 348 5488
a 349 347 5037
a 347 349 5037
a 350 351 4215
a 351 350 4215
a 352 353 290
a 353 352 290
a 350 354 431
a 354 350 431
a 348 350 1846
a 350 348 1846
a 354 355 3048
a 355 354 3048
a 355 356 3120
a 356 355 3120
a 355 357 1802
a 357 355 1802
a 358 359 1298
a 359 358 1298
a 358 360 1872
a 360 358 1872
a 361 358 2262
a 358 361 2262
a 362 361 782
a 361 362 782
a 361 363 1929
a 363 361 1929
a 364 349 473
a 349 364 473
a 349 362 402
a 362 349 402
a 364 362 556
a 362 364 556
a 365 364 373
a 364 365 373
a 366 365 1592
a 365 366 1592
a 367 348 1065
a 348 367 1065
a 368 367 6597
a 367 368 6597
a 369 370 1111
a 370 369 1111
a 367 369 824
a 369 367 824
a 369 371 3353
a 371 369 3353
a 372 373 2131
a 373 372 2131
a 374 375 1336
a 375 374 1336
a 266 374 2431
a 374 266 2431
a 374 268 2789
a 268 374 2789
a 376 268 2169
a 268 376 2169
a 376 377 5705
a 377 376 5705
a 378 376 4331
a 376 378 4331
a 283 379 4805
a 379 283 4805
a 284 380 6506
a 380 284 6506
a 381 380 2089
a 380 381 2089
a 382 378 2111
a 378 382 2111
a 378 383 3113
a 383 378 3113
a 382 381 1305
a 381 382 1305
a 384 382 2743
a 382 384 2743
a 385 384 419
a 384 385 419
a 386 387 238
a 387 386 238
a 385 386 2890
a 386 385 2890
a 388 385 1004
a 385 388 1004
a 389 390 889
a 390 389 889
a 391 284 2102
a 284 391 2102
a 391 392 1897
a 392 391 1897
a 393 391 2768
a 391 393 2768
a 394 395 1560
a 395 394 1560
a 396 393 7446
a 393 396 7446
a 397 396 335
a 396 397 335
a 398 397 1423
a 397 398 1423
a 399 397 3982
a 397 399 3982
a 393 394 3221
a 394 393 3221
a 400 401 2553
a 401 400 2553
a 402 388 610
a 388 402 610
a 394 402 3221
a 402 394 3221
a 403 402 4536
a 402 403 4536
a 388 389 948
a 389 388 948
a 404 403 1253
a 403 404 1253
a 405 403 3934
a 403 405 3934
a 406 404 2321
a 404 406 2321
a 400 407 2110
a 407 400 2110
a 405 400 2431
a 400 405 2431
a 408 398 2272
a 398 408 2272
a 398 405 5141
a 405 398 5141
a 409 410 1026
a 410 409 1026
a 409 411 2345
a 411 409 2345
a 389 412 3520
a 412 389 3520
a 413 414 2245
a 414 413 2245
a 415 409 2059
a 409 415 2059
a 415 416 1248
a 416 415 1248
a 368 415 2369
a 415 368 2369
a 417 368 1124
a 368 417 1124
a 418 417 1240
a 417 418 1240
a 418 419 2654
a 419 418 2654
a 420 418 3213
a 418 420 3213
a 419 421 1545
a 421 419 1545
a 419 422 3694
a 422 419 3694
a 422 420 275
a 420 422 275
a 423 422 438
a 422 423 438
a 424 425 3031
a 425 424 3031
a 426 427 2698
a 427 426 2698
a 428 413 2925
a 413 428 2925
a 428 429 1829
a 429 428 1829
a 423 428 474
a 428 423 474
a 430 423 275
a 423 430 275
a 430 428 679
a 428 430 679
a 431 432 4792
a 432 431 4792
a 433 434 452
a 434 433 452
a 435 433 3701
a 433 435 3701
a 435 404 1349
a 404 435 1349
a 436 435 4611
a 435 436 4611
a 433 437 2106
a 437 433 2106
a 437 438 1262
a 438 437 1262
a 437 439 2321
a 439 437 2321
a 438 440 1267
a 440 438 1267
a 441 406 4896
a 406 441 4896
a 406 442 2941
a 442 406 2941
a 441 443 2078
a 443 441 2078
a 444 441 926
a 441 444 926
a 445 444 4100
a 444 445 4100
a 446 447 1653
a 447 446 1653
a 448 449 515
a 449 448 515
a 449 450 222
a 450 449 222
a 451 449 1344
a 449 451 1344
a 452 453 660
a 453 452 660
a 454 455 1572
a 455 454 1572
a 451 454 353
a 454 451 353
a 451 456 778
a 456 451 778
a 457 451 433
a 451 457 433
a 454 458 667
a 458 454 667
a 459 460 1407
a 460 459 1407
a 444 461 1930
a 461 444 1930
a 461 462 1360
a 462 461 1360
a 461 463 1468
a 463 461 1468
a 459 464 1865
a 464 459 1865
a 438 465 1508
a 465 438 1508
a 466 465 1023
a 465 466 1023
a 466 467 1021
a 467 466 1021
a 436 468 1556
a 468 436 1556
a 469 436 1596
a 436 469 1596
a 470 471 749
a 471 470 749
a 446 469 1425
a 469 446 1425
a 469 470 1159
a 470 469 1159
a 426 466 824
a 466 426 824
a 472 426 1512
a 426 472 1512
a 431 472 597
a 472 431 597
a 473 431 774
a 431 473 774
a 474 473 388
a 473 474 388
a 474 475 2922
a 475 474 2922
a 476 474 926
a 474 476 926
a 477 448 87
a 448 477 87
a 475 471 926
a 471 475 926
a 478 479 9635
a 479 478 9635
a 480 479 671
a 479 480 671
a 453 477 499
a 477 453 499
a 453 446 888
a 446 453 888
a 457 452 765
a 452 457 765
a 481 457 2321
a 457 481 2321
a 481 459 2006
a 459 481 2006
a 482 481 1225
a 481 482 1225
a 462 483 2677
a 483 462 2677
a 483 484 1861
a 484 483 1861
a 482 483 353
a 483 482 353
a 485 482 6755
a 482 485 6755
a 486 487 2085
a 487 486 2085
a 486 488 4726
a 488 486 4726
a 489 486 2227
a 486 489 2227
a 490 489 2226
a 489 490 2226
a 489 491 418
a 491 489 418
a 492 493 1014
a 493 492 1014
a 494 495 1568
a 495 494 1568
a 496 492 333
a 492 496 333
a 496 159 6929
a 159 496 6929
a 497 496 1055
a 496 497 1055
a 498 492 402
a 492 498 402
a 499 497 3262
a 497 499 3262
a 494 500 3404
a 500 494 3404
a 501 494 7984
a 494 501 7984
a 499 502 1615
a 502 499 1615
a 162 499 2909
a 499 162 2909
a 503 162 9050
a 162 503 9050
a 501 504 1895
a 504 501 1895
a 504 505 924
a 505 504 924
a 506 501 6059
a 501 506 6059
a 504 507 3762
a 507 504 3762
a 508 509 1277
a 509 508 1277
a 510 511 3682
a 511 510 3682
a 511 512 817
a 512 511 817
a 511 513 3747
a 513 511 3747
a 507 514 868
a 514 507 868
a 514 515 577
a 515 514 577
a 516 517 3807
a 517 516 3807
a 507 518 2216
a 518 507 2216
a 519 520 902
a 520 519 902
a 521 522 2034
a 522 521 2034
a 523 521 275
a 521 523 275
a 523 524 1635
a 524 523 1635
a 524 525 222
a 525 524 222
a 525 522 222
a 522 525 222
a 522 526 1829
a 526 522 1829
a 527 524 2450
a 524 527 2450
a 528 519 2452
a 519 528 2452
a 528 529 1541
a 529 528 1541
a 530 528 1492
a 528 530 1492
a 516 530 2141
a 530 516 2141
a 531 532 5198
a 532 531 5198
a 519 533 4222